idx           Year          Probability     Bank
0             1             0.15             1
1             2             0.05             1 
2             3             0.04             1
3             4             0.03             1 
4             5             0.02             1
5             6             0.01             1 
6             7             0.00             1
0             1             0.15             2
1             2             0.05             2 
2             3             0.04             2
3             4             0.03             2 
4             5             0.02             2
5             6             0.01             2 
6             7             0.00             2
